%YAML:1.0
---
K: !!opencv-matrix
   rows: 3
   cols: 3
   dt: d
   data: [ 602.05121900714801, 0., 334.58092980675508, 0.,
       600.71556178123649, 241.59262132941279, 0., 0., 1. ]
D: !!opencv-matrix
   rows: 1
   cols: 5
   dt: d
   data: [ -0.021284682050529854, 1.116362615636296,
       0.0028028771485077418, 0.0025112715139252494, -4.1901568376121769 ]
